84 33 -36 18
28 52 14 14 14 4

Coordinates
1            0          0.5          0.5
2            0            0          0.5
3            0          0.5            0
4      0.69521          0.5          0.5
5            0            0            0
6      0.69521          0.5            0
7       0.7229            0          0.5
8       0.7229            0            0
9       1.5054          0.5          0.5
10       1.5054          0.5            0
11       1.5859            0          0.5
12       1.5859            0            0
13       2.4337          0.5          0.5
14       2.4337          0.5            0
15       2.5663            0          0.5
16       2.5663            0            0
17       3.4141          0.5          0.5
18       3.4141          0.5            0
19       3.4946            0          0.5
20       3.4946            0            0
21       4.2771          0.5          0.5
22       4.2771          0.5            0
23       4.3048            0          0.5
24       4.3048            0            0
25            5          0.5          0.5
26            5            0          0.5
27            5          0.5            0
28            5            0            0
EndCoordinates

Elements
1 28 27 25
2 25 26 28
3 28 24 26
4 5 2 7
5 23 26 24
6 23 24 20
7 8 5 7
8 8 7 12
9 19 23 20
10 19 20 15
11 7 11 12
12 12 11 15
13 20 16 15
14 15 16 12
15 26 25 23
16 1 2 4
17 25 21 23
18 23 21 19
19 2 7 4
20 4 7 9
21 21 17 19
22 19 17 15
23 7 11 9
24 9 11 13
25 17 13 15
26 15 13 11
27 25 27 22
28 6 3 1
29 1 4 6
30 6 4 10
31 21 25 22
32 21 22 18
33 4 9 10
34 10 9 13
35 17 21 18
36 17 18 13
37 14 10 13
38 14 13 18
39 3 5 6
40 28 27 24
41 27 22 24
42 24 22 20
43 5 8 6
44 6 8 10
45 22 18 20
46 20 18 16
47 8 12 10
48 10 12 14
49 18 14 16
50 16 14 12
51 5 3 2
52 3 1 2
EndElements

Dirichlet_X
1            5
3            5
4            5
6            5
9            5
10            5
13            5
14            5
17            5
18            5
21            5
22            5
25            5
27            5
EndDirichlet_X

Dirichlet_Y
1            5
3            5
4            5
6            5
9            5
10            5
13            5
14            5
17            5
18            5
21            5
22            5
25            5
27            5
EndDirichlet_Y

Dirichlet_Z
1            5
3            5
4            5
6            5
9            5
10            5
13            5
14            5
17            5
18            5
21            5
22            5
25            5
27            5
EndDirichlet_Z

Neumann
25           10
26           10
27           10
28           10
EndNeumann
